time: 20:55:14.369878 count:5     size: 1M load: 1.24 0.95 0.85 6/775 5356

time: 20:55:39.654432 count:5     size: 1M load: 1.40 1.02 0.87 4/775 5367

time: 20:55:45.667701 count:5     size: 1M load: 1.41 1.04 0.88 3/776 5378

